$ANSIBLE_VAULT;1.1;AES256
37333165373666343737633761323662366266633566383537326532373861653138346564616232
3561373235383262343539313335313435383034353239350a373237653265396336393037326431
63363233633434616539366364353832643366303434366532306263326236336436616565343031
3037303166666661370a323733663932356563323266316465393039373534636437363263623131
34643038343631613739623766373064323263643134376630353638363566646261636131323165
66633161646636636462323834666130353661343362653564626337386538313863633937623936
61653663306436316534393836306562353731383766643639663431373665313663666136336462
36653764373532366639353062383636643439303231616561666539306362363461356535303835
31626364353961653261613639656264343838653937646437633963643535326538343833373631
63396437366165656538326137393336313337396434326537343634613630363437386164393666
34323334643065663731376662353166306133613464653634383661323137333666613330666563
61653639333131326562666163363364343732356638653230346538633062353330323636666166
62306465336538393832363532626263656434663231383939653263326632363235316333313238
32373933346439306639313363336130383330313363653265366234643630616637393462303466
66303366353139623262653932303163653932653666313237613532383935346639373130333563
65623736336231613333653161393330313236346339663464663935303232303730393864353331
65336639633938313564306264313532633164333139333065313733386562316262383737623061
37366239643930663435356331353739336262313837353231616463353530373864646232356264
32303662623739343132313963373837663166393261633536663235363438323966646630343136
32303262663366623637313831303030346539663635373037383531366537303836386261663838
61333165386166346164393138316634636565633035313331373633383635323465326432356165
37376430613665383164633562616537323031346462653766313466333532663833613334396333
33346162393765633666353234346638343935386633396639393839386636653435326661626438
35383966353937653239356165323830326666343434363433363431663136376165323365313434
35353465633765633737616538653333633866653236303833626362303433366533613561643562
32333236636362323331616231663865386237396665393833613839313537633262386531633066
36356436353864663462656637353463393263373935666364353664626237343962386534616264
36336265653166646236326534376434306430393165313765626337646566333936386433306261
33353235623763363266306637306539623666633837626432643835616234643865653834613735
37383430373935393066623037316436616230306434343962366537366431353137663131313565
34303861356564373033643235373133653838303262643430666165326162353136376139316565
66363030663339303733366134366266656436333862613332383933356632626130366363393933
64336465333262306636633639623965323539326163383235646231643939323066666462386233
34393632393637353330326162353966613765616539663731653936396562373761636365626365
65346334386139643561643662336462313334633564313836323138656536356530663438343166
65316133313332643935323430323662653830663934656530323464353032633530616537366538
39666139306139633936303766323564336561323165336131313130343838616432366336316638
63643631396435626166653362373734613832626239396330663935623735326266663062363033
65646264613633303931626138343733363535363231383830323834636339383735653661303734
61323032336539316239663164373463336330323737363537623038663436663531386665333866
61393164623066316365353934316437356465316237626565366537326330353636643364313464
39643361333361316435643339663734383666356337643130373434616138396566636164393938
31646437373663303865613862303537333839383765643731626438303430356537346463336438
32643763353031633731626166353634656664646664623630663265303833666534636539363731
62656537633638613863613937656431666366633639353032383130386266376438656166303532
63386364383930356638343439323765333332376336353537636438666664316331323966336238
36626663623532393161386337303538633439383434626162393861623833666636336234356439
65393564623139333132333833656133653132656433656136373436306231353064366661623562
33393565323035353265636639373535326661303333326365363039326137646438613061653363
31663166346539373935633636373165656437343130306239376234336563323762393466333064
65653235623033646262343330616132323333666536306232326335643536336161383031633932
66633432373632386338386561313864393031376630636562663062333764663638313663356431
61326235646262663361633335363038336266353834393939353465626264663964306538653665
32613837336331383330616161383161636565636165633336623966633165616231663430306164
62363066333066643565343737363432353039393038663136313232623862356538363630326662
31636565656439393263656237633539343335386666633432613630623835643237393362613233
65333335623064393861376632663031626431633366333965616139663339646363313766653035
63343864313439313664636537656534353234653266666162623730373238656336323735393566
64386664303066363732663331616162383461313264613237623431623966323365366131633834
33366638626661323563
