$ANSIBLE_VAULT;1.1;AES256
32666434623239363037303734313435346361313266643434623966653066623539623562646136
3139653230653733616131356336643530646665666435320a346666343937613030646463623839
35386630323234326237633636663530386661346330316131653236343262336638333736333965
3330616439383766640a653861666164396431633939663431393932623135376238643465653134
31313336656231623239663366383462396334356634633739383431646566356531383839373335
31323638313431303031623339646561313231666636356630396238656530363334353535656439
33643033316463326663373165633762313035646437666539663033613336323763653633653835
62303538333063303538333363633461613762613365306666333739373162323236353139623838
33393932396662636662353663626134373464373238356561306435646334353938356437646632
39323039653037616664653139373766333164353332613166313339373735393534313534343838
62363861353433616232343633663538646536313733653761616336366430306434356539643837
38636338643038633630376135643939626164613165383232396164623831636530663564626135
62633736373435666661656430343966313165333762653463323838616364663430386438363665
34303838623339316434373632616363643161353463613337376234313066663535333739356636
64386365373863366265316666363962613464396239393938646232376139323335626366623666
66393965636534313161633066346331383266643535303933623135396261653661666563646362
3061
