$ANSIBLE_VAULT;1.1;AES256
33336366333834326434363736373236623039323264333935643431386134613566333633633239
3631316634653330383162393430663930363165333138360a626637343136376235353939346230
32626430666565653864323565326334643763636363323663303237353063366339303764336637
6631646131376438610a623134613164313763653631373537633031306135646634616661623038
34326232656265636166383834663632633036613364396162396231633030346332323034383665
64306332633363376339393833373930383036316332316135616466353834383865616131666330
61633061313165303233613062336563613634336436623635643735386436393739636232636237
65646637316265666536336365623335376630333435336632353131396237343964356233373431
39393335613338363439626566666434616534343038656161333031623065623065363833316539
31303462336536623333386262313165343661666637366562616236353639386138646462663133
663763383132343630313834663930333330
