$ANSIBLE_VAULT;1.1;AES256
38376265323033313361356463373434306161386464623836306636613866666163663166636438
6236343561373832336634373833306261393066643630630a343131376333383062336231373235
38313363366133633437363932613234646432386165383764633434613163623535313430663538
3936353837613262620a313037623430643435303962356634333332646665626238386339636338
64356637383362303030313135353035303639623933643564356365323634626338656363383562
35353764663537396238316634626462346564346336643166323030653031636566373263323266
64333037376338636531383233393864366433326539316231636437373031616561326532363063
63323662656364353538343732373330333536343761366131323737633830626263656238396430
33616630633035316132633134346434343536316130636337346232383333363137646534623236
62303734663566653330646332613064363737613334663630336131393963643237373231373634
62326663386637616366346164383562366263616566656238643932373763316365323066316431
33633033393531326163
