$ANSIBLE_VAULT;1.1;AES256
33323335333166613438653038663031656566383632373264643064323935306536646463323839
3462363964363931663466366363623235666537666562340a303332303032366162613065643138
66333165353765663166613333663738353132336466326234393866346230373766316132643862
3061366435613034380a646434663436333162356535633330383935613461363138353166363662
37633065326361323964643362343066353937393737363634333266303933633561376238633836
35333937653333636334313262326339623465336465303439373162343439373830376330653263
32363739623835383963663533393734333034366266666564303761343730646632653366353138
39336634633433393239653231653137623433616436333835656637323134663430656164326161
65613766623334373134653262393238663663396332663831346664316437653435303637316130
31333462386564626431326234333864626433376335393739646462616238316563313236363132
38653361633964336339326230396565323234636532383334363037643933613331623863656636
38333331303730326335353836383831613230666633616235393963356263323733373539343432
37393839393635643034303731393330623636666333356661653236383731386264303461376163
34396264323737646164616230383532386464653537306265356332613263343764313366303636
31623539633164346362623762333663633965363663336236643365393461663932633937306466
65333032343064356537393633643130323136383836633234646636373835626335613032613130
62633238343837333237386261613030363833636139306461373632376461623934663566306638
37373365373138623834363461336633386566333832303231373733653439663966303165383035
30626633323738376338393930323463656137303736353038303236326363343566666439613431
64363532343439363261613464363239363934643835303436323139323030356637373837303464
3639
