$ANSIBLE_VAULT;1.1;AES256
39616166613962336633613933383232656436316431326330656164363838333139633539353734
6365343635303166386638623032373338303738306261640a373638613432663033396436373232
34633031613335353831363039363431643663643936333865343031323564383230663133376433
6439326139303234630a363631356437646631313833666464323265326333663935616363326261
61613361376137363861396265643866626535613331623534303639326161623337636363666466
39333662623965636138643866323535366163353264356431653030316236666137613731366531
38333636303664373033626133366333346661663863303231363730613464303761363436306531
35396533303137383730646361383161326630313061366631373363316133656432643764346530
38326135653065366462646331353836356162656539613539616463643538343064643933373433
33636534343662306463356635343931653136653735623033316338373061643637623235356535
30303865653934316337333931643935353236653133636661386632356332653062333661353433
32663063393164326336663761633761626462396161643137393234633536643161343265616232
61343235353166623638373361303966613861383432333036393331623765373930363563633332
62363536353436386265303339396435373363336239336531336536333734653531386362393037
35343632303538613731336438386131633034303465653537623564343266383332656139343662
37633934626132343235396638356339396165303265663164633332326437343238303330313937
33643433313365653362343233373661663134643732383565313332643931363162383030396131
35386566383961356139333437333239633061386432343061366562343339653463393839626239
38303139636138303266616133396335346637616433366433663739386331346538616532373463
30316666393733386463306138613765663163343633343365356635656536346663356332343438
34656135653266303731643633306264323231383237313435363265356130633164646366316234
37663835333033356230353730343439356461383964303631353162653737666630346161376434
35653638366666396330333663336432303833393431306431646565636336653934376133633030
30623339633330626332
