$ANSIBLE_VAULT;1.1;AES256
64663437386237643764383164643365613162373033623638366233346638623532663136663364
6430633062343233323966313964323235383234386230630a623965656664663138356465613936
61366337333838366135316264323339333564353035356533393362656136336639333563316662
3336646631653064350a346661316165393130333566366230633833303732366337323638333862
35376164653433333037313965336233643333646634356631356565663366633261393537343362
39643262316134626365636231393033643538303936326431656330653466643132376464623734
33633632366162393136656231663939303964383163386465353037653565303866393463663265
36383131646165613639353535386635316631376432643534343434366462363663306133663866
31396232323231366662326365633837343139623664626561333131633337383036336130383635
65313364653462396338633232386635636465323233663334343261623362386363646364386137
66396136356235633931623063613537373332386265653836623563343031643063613431616632
61316135343731303937653236366365353037656466366463653831643630323233336664383337
64353539363238636231313764393036396132653566653032336164373139333661396434346461
66363236353962633632613139326465366163333265663361633763613530663038396434623536
37393339643835646232656137396630643138386139303132633737326266373537323239613835
36643366303163633664333231323735633239393632303363633134643961356366663831666163
6534
