$ANSIBLE_VAULT;1.1;AES256
66393466323365346236333834373438653532356436393664326235666433353031333434326363
6130633536323037623766323336323738363162393438650a306330393039303463393233656537
66346164663539633165303338323066623538323162646264373066396661383334653036653439
3639626164316165320a383763303863636233313730636439303636373064343231363535633737
37383362663330626463643661333537366435656466306635393661386234303363393235363962
35343738633666646433633563306335643761383633343638383330343563663534333437323665
33336635356661663130306138663131646332363039323831383735663139616134623434633239
33333836633164613237316338623666656634343434353361373736663038656630613633626631
33303964643562613866306235343138313866643138313430303030323231666236643436313831
39653832376466336438646539623234663134633930323133306432366434666164383935613938
33336162653264393031313338653236363832353437313161303534623739306330656238356333
61346662343334636166
