$ANSIBLE_VAULT;1.1;AES256
33353033663834663036376539613335623434663061626362623764646663353163356263306638
6430366632613032666461396161353637633133393863610a653361643635663230616461653835
36356131646532613832306231663062366566653732313130346633343334393634346135613135
3839363263386536620a343734393737626137383730653939616466393665326334366664373330
63326561386631363965616531636666626633356361643930396331653636346237346163353433
61303066656237623266643839363230313934656336366165303961393166643262333134393631
34623431326666376332363332313937393665323833643633663361346365383664336131663338
39333563383434393666633061373565656635666333656336376638333262643362363439336639
30366536653736353364666361336632356362333332343033663430346636356561323533393763
34313164653133376266353664633736643665663734636436636238323039653862653765383030
31623837616538383538353336643139376239313962353638653465346366326366663133663337
32356163616437373034623438333637323363383139373961366363626134343732376630303336
31393939373466393262313637303032363964653461383366623866346232366538343766316666
35643032356137616432663938306436376366663863363462616430383966623637346439623264
35323732336236386137393736626231363737343161373031393363653332306663346635386138
37613339646263626536623562326463666639393662643531616134393733653264343861386132
30663264653932373964356236663234366337386533323638363461313637353635313562303737
34646631313139313539653335316534303830363166623139376232306339373665643431633035
38363935336661663465343338623264363034383039313635316130663538343965313662613566
61383936613032653832626434356231346661323264633934616536616566393336393735336535
33316137383434346631323863653364343833396665396231333237396563636338386262613734
34373434663431373233393938373933353639646462303232303663633639396534333738326431
31633130663533366438363937376532633134363364353863356563626332663931333463656531
66626262313639643430323931633334666433643631353932626239353361663830653837383937
62636437343264303963633131313438373063306635666535366637646263646530616163353034
62643562373564653465303435636461313335383331653664353264303064346365353465323439
65306165373739346434383033336536663162613463623331313139316362646136366666633162
38393563353437623835623031623036333565646230366566393666653664386331333437373531
3964
