$ANSIBLE_VAULT;1.1;AES256
35666663396631353962653037623038343061346537326332323830313165646565613730613064
6165623264343163303734363938623836663233306361660a343664663539366631363965663736
65373663623266313736376663633161616237666364623139306430636663646462636235626566
6330373835303537330a353662333665653762303235656461623165393636333533653233343764
35323961316337373965306638343334653238313334663838366666333737373035663232353139
65396133346231396333303033393463363937386634313063343462643936353534383631633564
66373463303362663434386166313163636133336139653062376563376234363232653861626332
31616130373733346465303164643334373039366335383034366666346537653633393865333962
62643230343635656466333239663265633562666235353865326665363162376439393163333939
35306330616536356430393739346566323464333638656263363936343931633131396339633737
32663830643436383737633435373038383033386330383062343638333435316433333332303364
66623236373261663962
