$ANSIBLE_VAULT;1.1;AES256
64656633626236653762333033333335373934356336306438663336303662376166383431613062
3032373965376334303365353963616662663864336139300a333966363532653166636431666537
66613433346362343063656165303766373437393664373263386639613933643437376539653066
3432333037333366640a616536386364306139613836323731343664393133383663363134303966
36623362306634316365383238613239626638623930373038373631346534623032326234643766
34343762343462326661653831666332613932663161626232316537373633666661396137393238
34313332646666633737363431643764373130636131323830353066643362336237613637643763
35346132366630303839383639653533316634653637633333636466363662653337636565393735
33376464343637643831393931386538356262326563613865343839643962363437306138643064
35326336643036346231383936633434323031303636376262373735396337313937376434633239
65356565346566376265363736613735303932326465386137333630633832353533653439336236
39303531326666356432666665343838353762316331353034396364626138663963313034303439
38303237316137643638623538313165623435346337393438323332663066363265626137653261
3239366465366164623737313932613331613732336230313739
