$ANSIBLE_VAULT;1.1;AES256
62323335326432353364663033613139656331303637343636306562623665343631393263376162
3330663537303133663665653437326333386535353339360a363330653932643332356634326238
64303162626138383535383639643831643632633736383132353562303135623331333534623064
3936623434396337630a316261353933386635373139643236303730356164656238363363353131
63356538336564393337653335646263346166343062333337306461326333376262333362663838
61613736396135653537353532386663336161383431346365363034653366643735373433393439
36323662313437653061613737316161613738333634396435616331336233383935623435663563
62633462633265323462633866373531336533393136316465666331316463363132366433353963
65653538653864396336653238363731663934636163343264376238613261343766386362353562
39663430303432636336656338326662613164616162393066656464396337636630333161383237
37316662616339613833613834303338393361393464396337323564646235656638313333323361
37356363653837373434346438333030653566313663353164653462666366356137613530333539
65306131353839323138663630363230363663613034356561303266653866663831356130376639
64306465333137326534356233366564356635326466333538373231623664656437393030613134
64343437393230323837303336313932643062383462346666353862623532363164363330326234
63643837653331393264383934616431373838646337323466393863396236333237313365353033
34383331306361326466316162386130633234653330333464373638373338356262316638383366
32323337343337326536626537393065303335396335613465376363323865613365323061343238
61633438393764313332653033323866303832643265326637313435343338633335396262613262
30363065333236653138653939306165306466386237366531353066393066636234643165636264
33626337663931613665643766393062346530326233646364343766666536376630303633643437
66336631363464313236353436393063633338656231366663343337323861646136346331323336
64383037623263666162656266353933623535323033383830383234333832346564643930643136
39643937656639383531336133373739396235333633633234633833373132626361656631313939
32346365333236646335346361323837666339363564343037366564363934613032373565306564
62333535356635636566316139343665663462643963383136336336666636666234386531323038
30393864636534373464323266376232353466356563333737616665306331353230383361656233
62633734323864366230343631336339613034643866386634333631343264343732656535623664
3133
