$ANSIBLE_VAULT;1.1;AES256
30306666356362343337643439613930323833346537303638343036333539633437616261353361
3230363462333162643932366534353630333635663265620a376463316564643266356461336163
32336238666663346562393765303866633663323335626430393866373531363062653937333833
3032373063323762610a633539376463363161666436623463633364383965373964323861393761
32393834346566633264633864383239663962613133663833313833656264333331393266343261
61613862663337366239316464633633323533363666363137656336383832353638656164356463
64653861663839386439326138376663393131343862616564626266653537643630346164393662
65323064623934663032323064623361623931653064646233623936616137396431623434626464
63313161643336396337363130653930626162623034333435383035336362306262623836336566
37323761313832316237303335333766393133636466646131623266623631613038326335303137
63396334313237313536396532346366373532353331616564383531663733636134663232666532
64393163363964633731666432393763663162633734353639306337313532316336363831333464
61393231636439313033343534343530623735663261636165303363376434306236326334653333
62366661323333393663356264663632386439323538343137393732386331613763623239323964
32623065663230303234626235663834353133666336396662326632613734666330643932623466
66333939623431373437
