$ANSIBLE_VAULT;1.1;AES256
38363938393133366161346162653438666162663732323134383331383862373534623534373036
3432333562356533383065653237363431653962633632300a323362376634666436316233313732
62353565313434333666393062636463363563633639643030306133373433363266393738646461
3735353633313038610a313061313664356165653735633831326562636431303136646165343639
64353866366236336439653632383732316263353365303635313730663364376533646239313234
31383832646331633763366237323136393261363038616231363230613364626337353938656233
33376263656239623134626164646133656263653931323261303262346632656332663139346364
61303266333130363530333030663865346461343863353365323666373830356533343761636261
30373731353462623062633263396237636231366130653364663837383564386666373666666639
61343032383363356237343366356638353363656433366435613264333164373465353765323230
37396532366362383862376533356332343031313961633861303435373433313038396161313764
66393730306431366465386462643762633863323430663464323663326536623239306465313336
36643330353561353835366566333164666234316263613261666432613764343333646638343361
61313666326532623866396630353030656365336164363735633534656462346431326563323338
34353436626237306233393233386438633962623234663261376465386165333635613864643665
32373130383962376464636637386337316165353264373839643061313538633939323430376236
35303335373036363034306137313234616130623565343936336233363035336435396138663666
62656134376562653037353233356464613236383462616532336264366165323235393437646462
63373734663434336664383138333161383431623036306235643231393037653266653464356238
66396234396236356462363337346530636133303863323331316533643165373962646161373662
37336330313563393866356661353331306532333539343231393439613039346464323937656661
66636132336637373836613033373139333535653038616261343136303761656330353361373834
383861663037636563626131303538336161
