$ANSIBLE_VAULT;1.1;AES256
32356462623431346230656465346431353634326430393631393735393031613332336166666364
3132356636663335346438396465636566666261363065320a313538303630323530666164653839
63613537353035663530386538613337646133323664646436353132313865613862646563636132
3234396230333465620a396362633434323035383166323030343438306238396230666465396165
36623531363464636635633736653434636533386662616631636539633562373432333437333339
32366564623166363135376266373630623135666631623264313861623234646537336239316230
36386636313731383337363235346661356331383633363934356165333362643166663063353362
34303362343662643666343236346166353166303466303162326438643334393335366364376461
35633533396130306663663431313161326465396630326133636430626130396133363938303236
35613335326632353235303237353964373962393233666638356232363631636563666333646162
333339356566306563366534363264333761
