$ANSIBLE_VAULT;1.1;AES256
63643832613231633034353138633733613564616566303132656331376439656163323037373038
6234353535356633306534393636636234336237373833620a366336663838316166383432613464
65663235356661396137333466383631323430623163386262363765326534313332636130633034
6431303562336565390a366565386536383933643933306534363733303461623166303662616561
62333765643830643565623533323139623739636164306363303835363365346137356664343165
65336238326331646537356138316230323165666164386161356631393061613465386234646132
38636562313765346239396166383731636164383631336635313235383363613966663562373665
63346637316331393161313435623661323661613534316163356131396637613832393732313165
34623438626136396534366132346462343836363562303161643162323433363534396331623335
38666538656434333135616266373461326432393063333638626632333134626232646338356363
63353566653564636232383234386665646263343932383264373237623438396337336161643865
36623039633063336238
