$ANSIBLE_VAULT;1.1;AES256
39646361656637326462313934353934393432343163326262356439636634636464343030623566
6439653237393433386439643032643832366634383236350a656136633764356331376430633831
34636539396362366361306132326566666362633962343230343038303262346136306662623964
3133386463323162650a623230396565656236393135653663666436346137633233376635613833
35343333383930353031623362316138616662336664353436353030663964373862623066323130
35656266313965346161366131393962646265613065626666393432646133656536383635636661
33623632663566393063353966306638386534656363626263623864306565663236626435393338
62343562386637663066326162336638313633366362396663633265646461663734656530326133
66303633336335333861646166656535656335306264663830633561393664343632643539333765
63393836393639356364353433343730346236343431366563633937636565303936613738353433
63353235373765323166303563626264376437613835656135636466346464393133663133373364
64643566656161396137623663313362323936386361613139653838353733393336326330393864
36616439313965623837373932343833383330316632643131353566636266376666396233633466
30663536623533666435653433346638653335383339626165613863393938303239333731336564
63383661636162623939313037383833663430333433656434633136366238303865646638353435
65616436353662636562376662613538626332636362323232343538656530613832383538313365
64313738383765633130313533333063386466383235323962613833383664626636663462646433
32313964393733323237386633626636613531333233366630613636313939343765613462636339
31376631646330353437313265623237313434636531656464313161616630313338376134663239
65636165326530396364646236303831313630646331663261333861306662343466323730623136
37613330353363316462633865303962353861353239333965653965343966306436333133303031
63643535343135643533623738613763333335306162303035653037373331613631323863313163
65363132383564316634613566376436393237666265613664623133663333643834633030633363
66356166313135626136663933383835616334313330636539346639646336306433643132396164
63313463323338623638306237663564313837356262393662313633643039623065623765656535
63626665353930356332353337663830366432303863316462353961633638643238636266383731
326434373361623031313331343535343062
