$ANSIBLE_VAULT;1.1;AES256
33646334353734376336383864313338613939353765363230383165653965616637323061393338
3261643635393837313534323965383031306361313638390a383739356565623663646531633639
61376466306566373538393364643937376566383539383365633439353832363664376534323961
3436313937373231630a326566396461663762343234343963316636636433303866343338383536
35633537663366356161623630636533656335346165376265616632306330323563323664643732
36346232376463333933626130643437393264376132633637373634353737353531333234373637
37323066343936323666396564353739323766393630656363666631353438343038333262323633
39336330373231396633333663663032633533373632663062383230646562396532643563626166
31326565653437343433353338356665346536383763333335303839656636633439366337636565
30333938636134306664666462376361313162343232393365373136373032653563363562623836
32623566393930666630633065353834623839616565653530663563393463383630663134633433
33613735346236396639656639363663646134313235643134623566376363353835323862323132
39613535303131313236343130346437623362613366646365643161383536383537623737323863
31633661636163306236346339323363303234373734643330656636616162396630393834303135
36356139393462313833383934306136393738616265663162373438663832653962316561306136
37326432353164353137333464666566313066363461303839666436623636313162666433613630
66636562303437626465663134613361643634663631366166633064613334666334
