$ANSIBLE_VAULT;1.1;AES256
37363230383337316561383465346330663037383434366533346634353634333538373532323561
3337356661326261643336333266306639346631633862650a613937333835366563313939356338
39383138653338313932626133613233643230643063663333663761353361656532306439323131
3932373332623564660a393364373261383631313861336432626665396338623637313031643163
36376462613262363134313735616636373137303832393664386531383630353065613235366332
32383631393037363639323165376565323739303533656662306534316331633032623263613235
30623037363231363461656565303436613966356139623339343762313964666463336131333261
35313432653432623330653135613132343039383531663234643062666334666466656137363366
34616561336238663635373631356639313833383364623535396132326363393035363338373432
39326539376664316430643734323739353466653163353435643332353361316135393962356363
38643839396366343163306431343834376537313963623739633935656562333138323265653437
66376335663730643666
