$ANSIBLE_VAULT;1.1;AES256
31626664373136346137353634323161343335333331613663376665663235353266313739306233
3138626666643565616332663931646362646566643363330a356434323638373838333366323830
61666263626635373130303262613331313532303930333162656362633236383034393838613237
6630656664313331300a316362383339323161356162316537353031346664646130316637623961
32626235373030653932333035356166346261666165383766313631336637613831653136323230
34626431323430343032383562643734393763623636383063613163323336333762346361393363
30336631366438656362646336613864376439633763616565663166363930323139616633653166
63356138636361623435613033653331336338353531386432323836666362303137613034633463
66623737383338393462343238336231663865616137343531343563363634623939373631393137
37636261626263373731373638643065653130646534333666363661393362343561393665376636
31613436316339336635663466376133303236386663386535363232643439626266326232613966
37343839313639636235
