$ANSIBLE_VAULT;1.1;AES256
33353934316162383239383464373864333063326635356432373632313264623436636262326262
6232323834363235373038393430653736626261363539300a303963396135356137373232303034
62626431666632326362353334616162633662393761656231346230336134663563383539326161
3835363761303733300a383831626333643038643336386363333462363633386564623133646634
35306161623363616461366163393062326331616138343937333736373266343232663434376631
35633863326130613330613664343330373337303339353039396337613037373033353335343334
37313933373037653731616633303230623165333839616166373063303232643939336138623733
65363036623264383362336665343035313636356265316233336264303335386536653833383736
31306533643865336338303838666663323835353239333431376266306631643834323632393166
37333933613162633430366363366339623631373035646162356532343066393765616265353161
36666461313766306462366163313564326164393438656666386536626536653630373635373733
36306237333662323935633364326430633065336132303061303631393036326334323165323334
38626537656662626232383335623539623932656535353837326466633132316466323239323662
61626233303265653936613466333265303365623730616333376136376465663466633532323932
31386532363237663862396434623039616164653062633337626536373266333139343935326136
30643438653439343665356364353631666338323031326663353435353139396238396235653364
62646563633462373031336562346430323435396232383533373031656338376533646665393638
61376336306663333832383732363630343833346332653534623232373464306265613734633664
61326662303735316663383837316532623730396263306363663630343635633764386538346433
39383736626366333066353766313234306530356230333762313230616366643565313932316234
64656362613330366163623464613766616363356162633830643161636533393334316666316331
62653864366638366261376233623938303865383332623636626236623464666264393866343130
34363133613134663237626131353861623235663730343366623465333232323432393465663736
35636230633938333233366465633061376363376139643238366163343934643935363633303562
3661
