$ANSIBLE_VAULT;1.1;AES256
39636434663535613139613734383133616130313037306465373537303166653232663961326432
3364656633316534613766393732316536336432376330320a623065383331366639643564336631
31336133653438393235623739396665626131373832316236633739633265373032393331623638
3136663233326132320a626462313962653964656661346432303933613635313366313035393733
64366236376162383065663466666366656663626536643333313862386461396233313566623535
38633866633432343162663865646130383030653334353762336464316336626637353866353936
39386536363537343665303330306434613363343565316562616531393963656635316165313733
62343761386139653539373236393364396234393666666534653538643533396161386231383963
35303734373432316238333863336562313730383363396364396466396666613039393038383263
37636538386336306536303232306530623139626531656431313039396336316336333237623961
65393337303331646363356237366132623738316364393164353239356362623937623264636630
37323135323864343536663433386361323736316565633461636338623235633061366366336533
33383965393166633561656531643839353733373565383864323663303363393835
