$ANSIBLE_VAULT;1.1;AES256
39623761333062643562613930613937633761343937633966356637623136373931663339356366
3461333538316464396434323933393231353961376465380a616462386433356164303164613430
33636632313762613538336630373266633862626536663065646534383935623533633066643139
3761346638336635660a663034623034373539316131393032363936666434343232636566303534
65343938626563643163373062653833666563633136626465333536383734666564383431613336
66653666363732376561653438376532636663383235383231636534383066366366336636666231
38336339626262663136616664373838376662303332353037613933323733343865303763326630
63373265623535316461626436623735363538323239663765666166633263383131383638383937
62396136663232353263333262623562326534353535383864653663653462613132623765646636
36623338393236396339393934613131646133363831633739353432663861366462626562346334
31343537633166666235386635306438363966623263353636383931656138333439656663623634
34643635636466343062646634663662323366366332656563633039663862326534643835396264
36363262636662613935353230326665343736306638356132646635373432666161643565616561
62653734383265323035343733356531333334303132613534316636333638636330393865396366
36633162393365346664653063363933376638613666353061663131653639363333323634666334
39353933386230633965316236303065326230396234376463393436383336623435653035663166
64356163663232356337363862323338386465656133386134646638623536333666323232323639
62303333633464313066306635356461613239366531356238346532336266373932393666326330
37303934376665663065653166643262353932653362626331393961333864656562633532303630
30666534643335396436
