$ANSIBLE_VAULT;1.1;AES256
65356262303637363463646631643932316232393564303036643734363130616438333235653030
3234363132653031323939333432656138633730653565610a316562396164616134616563663965
34376266393031663061663136373539343637626631356161336430303063616130323163316434
6136303832663734650a663264323335616463613237303738346235313164656463633735326661
61663365303765363362613835303931326332396434656439336131623530303435333462616631
36326661373664353065373736316463386238343332653661613236366630363031313763313966
61373130363537623238653937373261353761343032326133636135653764373962383766626339
66656437346262616138363030376135633866313566633761666533656532363134353232396430
30373936356135343836396635373130363332613833613531326338323439373763383365313032
32616136656633316566623464313335626334343165373136386634353039633531383662363039
38366630636364663961396130643936633835393538363338613338666138643665643230646237
32363939653138343737653163626230663038306366623966383336303534323363376431336362
62313563346663353334396338393962613335326466626165636361363963373938346366346337
39666132383437376338363334636237376362656532393731346564346537303733306266316666
63633465623538393162306432633962643031616134313662323834323935663537666662363335
30396164613834323735386536666166393135303831373962623130633266623237346665386631
63343639333264663238616130323036363234323065353338653230333131663564353039663262
65346462633961313462326430666435363033376237306230323363323339373362376163373731
36313236343432353537666663343165663637313864326230383562336434396331393035383666
37656166336663346435663733306234363263666263326263386361343135633830373437386535
62616137356338336438333534346131353562626263313164326330386631656139373039633566
36353533306537363933613962656262626233313234306333623264613738383739633336626162
30643265656131353434356161623965393161663932633866363039313362373331326230656435
32653532373530343862313230636565616263346139613331393134336130353139316139316333
37313062336665643764366231343561323461643965353961636464376637363064323465346339
35333939323563376561343839666236363738613364326232356366623362323638326131323862
61373337306234396264326363346261393235333764613832653538613662633035316166643430
65636331353439313030326233356661363633613338653639646534306133626361376563666238
63346139386364373737323065373039363234323462363762333865356265303736626133303835
33303265323536373437363037383933373062396639303930633739343336346264383663333066
66333632323965623839313338393762356662383266326362623137373566356233366464613139
63306236373162383739393565616431373364636366316366306263363833306639323737656666
64613534336532613566346564343637616138313437373735393064643334633365366338303032
33616336613165313232376466633033393264663964636137366265396261613462383133333634
39346330366335316562386635646632316433306630346361383465353734643838363561383237
64636532613330663862383135333835396264653532623162343635323533656466303938393862
65633864366337653363353664666561303633636432356461616635303230393436316331363736
32383138303864353132633666363332636230386363396233363335646362343832303263333064
34643931613562613764613135393261613865626431643533323837343231663333346662373563
61626537306264386236393461383236633332333937323763643734623464313639303963396164
65633966366337306262666636303265343633313031353531653031656437656630636261313936
36396233366666643631646330386237336430366537633636396232616264623136646434646332
65383563613931303532666532636435336364333435336561383065363231656638303666363462
34323137306361393961313636353732306539306339316137643563313934616330383930613231
61326363613432623335333661336663323762323739313739663439626563323232653966353764
36313064326232303034373131646564326361376636393234323736316161353531646134376634
30623133366630396439393039396631333639363338343432303764323131316465386135373637
35393963633331383362323436656436656561386562343861653762313363366665353933393662
36366663393536333439393233653564313139653037663738656463633638616534313861656563
37376266633361663939306531393739626232376137316637373338336632616330396261313237
63633433616332303962623763386539373235643838396134383633373065363464343265333737
65393331393733653737653863643162353336643161333232306234303339333465383233643463
39376162313239393839393237303933326330636437656331653938376133613366326138623730
62663436663361323333376663643666663262653134386234346463353962333535613262623630
64366630653037313531353864613531613432633435313530393765393633626561323261363135
31396436343539666432613261643837616632373937386261643933663763336162333866316539
33396236306262656261393766393530646539623464303962383163326263383233396366386432
34343563616232336161666230323734383837366334353463333865343063366230666366376137
66623834356435646337396466613635356538623062306231353533363664373533666433643362
34393635333262396233646436383732323432636131666234353332323536393763346365333464
63353034306230303936343335303837663432343065393632643365313663393366646238363438
61646135333765316364393134313835613937656666316331316362626633333831626465623030
38653338323763336133356663623266376163396164373761356436376266363834633133643935
65363231336138623064663637623734663238333736663536653564656536613662636630316364
36353166333064386635356230386438653331373630303665393330353964316537666239656434
38333533663165616531373663333463376361653732396261663265626231313663626438313730
36623236373939373838376235636536346265613630643432343465633761336562393739353165
66343532646530626335623339656636646433396539653638343439333162643961646463393862
64346530396539336434306463323630306461646331343833306362343230316632396238386662
39653635623036613437366433653936623437643536346663316631633266346662386631666437
63343533393664323762386437316264626466306461363261333839343664306562616233636330
37653362613532623962353732623866363337626361666661623238383762336339373231343163
64313264366239353435366266393631353161636336646564343465333131306365386238343736
38373834366435663739393366396139333833393735613230633066386631333938633231323837
36333133623664383136333161343330303930393238656365366562316266636637306139376230
32333561356265626466616636616666306166313838666333313664613834386266663937616135
66653764623934646163313939346235356438363463613237393562316437373933633264363561
32353433383566303261303062623438373662613865633737363464636239626534653064363934
39613565376663643533663135666533346437336630346166303565633631326138303031303231
38616336323939313636343838333031333439383833366464303735383335653432306335666130
32663063663830313661656634383830333065613037376366663565656632656239666436353266
34313037643762646366393030636237333138353164663233343262346135653631333738656630
32396562333963623736353933313435386365643436616261613531346534363265303531323163
35333638343364393634373665656135653036303739306431623835653962313137326364303238
32623064643337663261643532623861643934333538336238373736663665343934386263356262
39323261656132393863363930313834656163636534636635303832306239613761366531366261
63623063653735383635663434643064353937666436346466373166613066373530636536623761
33646538653537323537376338636632656333636238373031333435323162366332343963623838
30383166663161636632666465323665373939303063636664343564343535643433636439643539
39303964616239363336323664326563396237613562663236646331666464346531663262366635
30383335333362646534343364666263633562383736616431343261316437376335316234333431
36626532663231313439393362636331313436386365356131336430363432356531356462653961
39656136323162363564656530363761656434356361616133323933366232633131316430666434
38663562326530343564396634616433316130643464333736303632376339343036343139623762
64666332313364313563333333386530393861323564396434623566383838643838373736343132
64343163396438646662386261626339313531643966316235613830366134353239383664326432
62323534376161313436313233343662356363626666333563383835316164653061653836336163
31383239363534613332656564346464363266353734306631343538386634333265376632346161
36663735323234303936393861386562393234313135336435306162653139393163303539616333
33356663306431386265633136363666616131636162336465313037313634613632636162306539
61313938383139656266613164623962633563366135366463393135626238303461363639343764
30306133356666346339613036626365383661373837386530356236356466353730643933393636
63306537656564623664303139653538366666333438643765333462666132343161303036663664
61613434313563323065383837643561306366396237303735353635363838666266663062623536
61653439653730666335393432306534373261353661393832666634386161383638326163646265
64326538303563643730623964356661353330613438343266323266376638306130643939633961
64663961303833393864653762316338326630393839623435376466373736383932313835316130
64623035643931356630333433353765306637616634663634656435373733633432393031613435
33383061636466346136663831376337663564663831373932346161633531323661646261396439
65373138613332656562303538363736343237386666663631643161623631363664316566383865
34646530663938333939396165656234376631373234623236396461633065333862313437303333
66323039646631393134633630326430303439313564643963303165333133356232363238313461
6331
