$ANSIBLE_VAULT;1.1;AES256
61386331353536306337386437646238613034376239633130653435616264333330643335306166
3064666661396664376332303731393731626263383264340a636632356461663762313365613539
35633232353665353533623565343931353439323439323131653633666330363063303765616132
3466303862396265650a353561356532656562303965383730333439323934306366653162366439
32316663316330643762663963333664646338356135366662646639643637323031636139643265
62316232396434363333366566363633626563626163303430613630646533326266643839303636
32363861353832623334353538336161373766313437653232336536646637623135623364653564
30616534353131326239383833316337643030393037373930336133316164326531663965643761
34616561303731346534623738646431616638333065306261326139616438386130633633623936
36346132346632663633383862663661663835656430623166323364623862356230333062396331
61343738326566653737363333623865626632623233373135326237333038346139326130623965
35663634346230386639
