$ANSIBLE_VAULT;1.1;AES256
34303466633434623836306230313861613361636332663534663436633835643064323866303963
3561386261613534626432616330393730633364623030350a356139376133306339326164313535
38353937323463353561326430346534303637303631666263373963313631333666393463353265
3765623765313737650a383263326539396632386265323064326135623464313566323662623363
38623639393264396530303530326139626164313066373862306539303531623562643030393936
39663438613930363330646135366635636661353736383662663136623962363462343139383461
31376233326639336363666636343338616632313231613366353565653434663165366563386336
63623265353732346234386435353466613661363835323333623930633137333066303166663635
39633034626661316663376635333836303666303835633036613962333366613430313536303862
33373338373131393031636263363930343331666533636237366661353133333837306431636436
656139636339646562313237626434643966
