$ANSIBLE_VAULT;1.1;AES256
65346465643836646363363566303666346632366338643933353864393562383031353731333937
6561313064346434643637666135623064643364303032610a363037313066336366656639343164
65313137663863646530663236373161393939633632356330393230353332633765366230646638
3735316334616161320a366362323563633762313663396236393262303663356131373438353362
37663731613731396138303133633763636164303134633232613839356430633165336262326662
38353762356639313366333730646439636364353931316231656565666664626566396230656661
38313839373332633634626632643438623661653233646233646536613934373638396437323032
66343130343139323138623763356134323538616361393465636638383165663161633830326537
37666533643531383934653163353531393239383164643039663935396336636338306238616238
36303464633761373961616437663437616137333037383634633732396134333931643930653065
33373165613561373538623063353230323162343131633862653164633963386465303265383232
31376361646638363237353461323030643538343563323830653032376439646235656532613261
34626165636332353161343135376238373762626163343661346361653531356337653431376565
33333432313763316363386139643435316366636362323434653462616434623565376433336231
38306366633263356665313162666661646336646132343536313737303163303736333665353538
36393631323833636538646564393932356531303335653431383632663765626530393361313164
62326264376664343235353665373630333561663563646462303563383537373965333661396438
38343166373939653038653963663430336339633132323763333332613562636163626639336534
61373333646430633830613038653438613133626565623437343839643963316233376566313433
66303330656564653838616561343236306334333330666634373761663361396464353432383636
37396663323464333065343962393439333661346535626435343735623437626139376639383638
35316134373236633132666630633830376438346465386663623033343061616363306532353332
66366464343233383665613566396638333563613566346137666261376530376164353836343764
62383838373766366136396663623765316461616134633564346438383463666136393063623138
62363365343863613635363533396464643962323832643837393161306433323435
