$ANSIBLE_VAULT;1.1;AES256
34363336356135636238383538643538363161613466386166333639623464323136353665343331
3134363764613262383930653663386137643763633231630a336633633461353635356337623733
35623065363839623334316462343863386537343161386633386234343434393831373330643861
6166653630333336390a633965323531373537383336323430313530373166666335383231633335
35666335623635646134336635353431643932353232333238626432363761323232393231633731
34616637303861343164653039333639623336323262303763616136653630643436336431303165
35366330353961393336396661613638613166643131336338653135333364346466643234613733
31396263623538636366366239373134633639613062623237626630343734343061363534643535
30636532333436646665653164393030306139366534396233343135633132366238633432316566
65623836396232643462623863663461646635366532313138356162616634306666393537396238
62313538653332616166313266643232346237396234383535333064333932353634363439343663
31303131633433643261613833643133366439366439373730323162396663376161303265643664
65393962316633383433313530303463393332636237633434316565666338643530643737306430
62306532363638656364306337643534366638643633303535616563633135663063616261616663
65366661613161613366343434623264363361383838373563386537653237666164356261623664
35366364663534353230623961613164653835316430356661366633356336343866613236393835
64333734366437633334313163393432373562363036636463303263633231373636343235626265
35633133613636383361616261356130626534643335346464356364636163643833666537303537
383264613939353735363230656432646336
