$ANSIBLE_VAULT;1.1;AES256
31666136303561336230303063386635353162303734333838666566303238636430656364373030
6137323639616336306131353966613535386538303833310a626136343066356230363035326265
65656137383233643866383633646162633439623339343435396436646538616632303139616234
3164363035313265360a643433373230613263626366363932386234626263343533636637393237
65643834333263643934396639396237376436346435383232373931356139333262663662376239
31663934613237396666656533623264656338336433333939353063343765316539653335613633
63336265333435336266393239376461323964376531326433393838353562643636306234666665
37383162353836336564616462633431303832646334386638653737623061656230336463346337
63653933386133313339313730653534336138363233663661333736313634333038653266336131
64653964666636636332363332373737656433616364346230653161333365656338303564633164
65346236653632303862656135363835633866303261306139616563366634373131633932363239
31643365383032393132363939366436326538656366303938316532323266303962656236353230
61623933303666366339646332373364633461383935663139386538383233333930393434666633
63363636633664353830363665666266376432663934326465643336653465363864333136666263
64303234663063363661653030313532306463343866633365373539343432333463306231623461
64326138386465656634636263386533633635323534373230643331373962323632363539333362
31613464363463663462623463616330646238353064323566613038653334393564616531383133
30343630353065366666333362336639323963643239376632303061363262306539656261313466
61653234316135346231656137663037333165326566383961633036636536643335313335313064
31336265366366303866396134316637386561633562393530353430656166633537346666313534
3930
