$ANSIBLE_VAULT;1.1;AES256
63386362303664656563366565333662646465656437316433633533393539303633336537333631
6530333564623135666636623432323630636134333031630a643032303838323633383531623262
35333331373366343433623236643036373731656165623365663833663236306134626566383831
6661373965633434350a656462393366663564653135663261386665303135666631653165356430
38346464373431366633396437363765313363336666383531663261313533656439646431376534
32353635623636313439313632653562633536366238663435633134313436613439643338626161
38643261333431623566303333363661333563333237356565313163623638393635616165656431
37393866626237326238623562363238653430313534623834363731383231333964623833396131
64313336653836623835363961613966363736373536363863366533383231353534393365386339
30343162396233316239643533666663373761646361313232383431333831383437336439653239
39336235373333616465323166313364366562383935616432636261366431343030656666396130
39643630613465323631666233363132373938663439643661396265646663653364326139323639
64343837373638323431383337343335633130373935373137623762316137396465326663643738
61326636653264636132613834646331336335333637353065333539303939343666613930316531
38333432646165326664346461396235626466633838653530623465353332393463363764616530
33383864373161326136653861333939623565333037613930376463643332666262633831366239
3133
