$ANSIBLE_VAULT;1.1;AES256
35646234643935316562313035313066633361343265313633313762323962663764336437363966
3566623136613462646531396238373464653337373164630a613439373665303465613231653562
33333035616261373931323864323737633961323331386339383639616161356537363765393439
6461626234363039370a343530643938663834303037363332373730613333343136663335346565
30313537343433313239393364306236633530383836613935326261646135636638366334633836
32366461303466643032656462656530376466373935373865336532633737633631313263313530
30303333333761643630626631376533623166656262333133613962396539303361623739653638
61303965626531346330326164663031303237333735613063326230633665353739336339303039
35336330353638643033646662333131313035663565343561386230646162306330633764366565
33313563366633643964336430313764396333653162383562316263643439353234383962333334
37336565653863396665366139316230393338373836613362343061376333666534396531373533
61366335636332633830623535336338353663393138643339336439646261303437626531663263
61366134623039366365653233346639333566383537383161613639613132313066313666366139
36316134623339343230373430633438366665373834626236643831316462333138343263636263
31346363663766326635663339396563633438613038363337633766613964366333356336636332
35386632343238393562623462346261626461356433633236323066663266306664633033616130
66366638323333333733613239616139313531386165393633353230333865383234326439373465
31666361636638636531343562333033623134616566393165396232373332313538616561633362
62633639653738383336376234333930613737383364366332353163396562313636653733333166
35333338636364326438336466643631616435613936346434636262343932383166666361353631
39663339326261353334346464306466363733306164383136633766343135623634303133616132
64663139646261313934636562353832333937363932303438623136323830383538616161373832
64343639666665373964366138326565656234643233353062336464373533653338343131313134
63633538373535376132626265363730666332396332616666626638383239326637386466303663
33376434306632303033633239396463623836343131643666366463663431656334333864326363
38326133313336323838333032353964363366326534613565353865373934336262306466363861
65343566356164323337346338663531653738363561323339353831633434383861656631336234
33333730666531653361663639353136386538313133336466363836653461333932393431323534
6237
