$ANSIBLE_VAULT;1.1;AES256
34323464613735316262653230386166343430373135633730343236373231326130373230393639
6662626531333538323831663865383335643861363830390a383133343562336464356430643234
33636538383833356366623065656161633261656233626136383463613761303231383036343664
6434613066303037340a353135353931623538346338373966626239363562343063386235666331
30346165623036623966613664373765303661633230643764643461383833373536356662336231
66393666636166346266333235363161386664353335383661346433616361343761653436643339
64343864646262633639393030303939303665303262653531356439613731346630343033326265
34396332626463616530646638643330383733303131336630616134366537306564613431353562
30663137643565323136376530636364653036396533353665326534616230666466396435346330
61343939376463613865373136366238346463303365353163363564363036316565333332333339
64643134313331396234623361616136613033383438333037383062303736376165383265326361
39663662376136306566663664653434353832303266626132313661303134366436363962623730
33633664386331623161323065356139376136376332303464366337383738366231
