$ANSIBLE_VAULT;1.1;AES256
35623434613533636534316638353935326439306265636663646436613262363665383435396538
3564356430336637316537343938333439666636343265660a643837313465323966373431623638
38323737396338383564396139313733396536353963663461376433656562376366353565613033
6561323462343231330a623063366136613162316631643236666233363535393636313335306431
65343437656133306130313133663463653763363135336530356532666335303536393239366131
65616233666463353062613030383935666162316261366265366336373361383465646264356439
61353765653138636562326363663032323661663632626263666537306639373934313931643962
38613432623737396161396639373364343830333732386635313063383261646330633334343762
63643866643036303034393130663235643930393031386566353463343133636461363131666364
63643563353636373434666264643437323663623466316637653432363639323135336431353335
31346331386131396361613539653936373663653466323830366239356630306666346535613264
37343533346538343037363661313330363039643234343038346533373036363666613362393666
31656161383231353839386263373839386466313466396333656533353535313661
