$ANSIBLE_VAULT;1.1;AES256
32396238343264313738666539633166383266373937393264353936323965326435383962303161
3232313962636265343566343335333466386363623236360a366638623330313438323763616233
64393134373633383562373564303839643365613539643765323232393335623364393633303062
3031323135306232630a656466323334346439383164623236323163643964316661306565363531
35383932343233353630653131323461336437636633363763363738323537643431613965613234
61313630646230353031643639666163353063333432623337303661313166623962376136663136
36366130663532653938333730303561316266653865393430303439636335613635663161303635
30366563643931653565663866383837623032333234386263343330626565383566643036343236
30323533343431663432376436376661353933613261656565613637303663666237613832363664
34356565643336373063373061303637303639313463633966363762353964623735376433646133
64396235633231653036356165663739353935636162633139646638373731353636656539373263
31353864343133383264
