$ANSIBLE_VAULT;1.1;AES256
32343062356633323133653564656361363565653633396336323632323062623762383164643265
3562393236323539643639363431356530333839653532620a376365393937356237633833336439
33393039663966636231623866633039356362303130386137633964343638613835373166333565
3464396662373766350a613131386665316237613261353261643362343263333464626430353265
64306666316464663034666237663533383866663961383433373436653334333333643333646230
38396534363566386537613666366366326331396464613535616633613432663038333835646266
34323831336565613266613862633134383638656539316466383339393038316565366363346233
64613534363636613636666635623734333431323466613063636135326538383365613161323336
63373737353733393536333666353435613138326232316432653661663738353534393933306431
61613666313638373438643931653866303462376463646362313264323431343234633433363035
66323938343735313462663461343966633665656530613531346633636362643366393061643165
33636434663439363834643263306338303364393833373061653064613734396536366232396363
33306663303630393066363434373936313133313639393231323632633430326138646162373262
35353536613139666464393239306531313430646330363635613937356362306138316339326633
38623364386263353236376561323862643730356130386235343632303166393464396563313061
31353631333165646464613461346233383637363832336166623762383330333035643261373963
64366163623664336661313665333032636233333731353435616331313835636332333562653437
39386332666562656465633935383832663431383037623265343264303034386166643462623037
34646137616662313663393233656339653534633965316233333466636132633832373134383861
62623330306161383563376436316463323064303230336233316661653139373931346137313661
3963
