$ANSIBLE_VAULT;1.1;AES256
35356432646631656634636532623634663539613032383465343738393438646262376166393432
3466396131303033366661353936356563363462353038360a326265336463633733353039623263
35633864333331363539313062363766303663323238666662393634353162333237393263646235
6365643836353365610a353865376662346361663735303438343636356636396330653730343332
62343765393263393237663935376633303736663031613938316436383938373930356138646130
38306532366538656438336533303636316166373533346663643365623231363031633133346564
39386330336561336462646630353231616536626361353065393361363630643530303161636533
38303763373031636533613438623236393836386462626632666536346532326661643433633138
62383232366232356466633161316366353463656131373865373837653633643438326563383664
33363935623434323330613033333139616133613230653134356634346230313461376261613466
346665333266363639333264343532646539
