$ANSIBLE_VAULT;1.1;AES256
66623936613163396666333937366266373735373931346162626539633737656238623736613064
6665363831353435666466656261303861376665356365350a323961323335386130363337363236
61383837656261313362373930386232383738623835616265633336633636383234376239643864
6238396362366266650a636564323161623735303638626565666464623634383531336534383563
34366335396264306131336635343036316338613861313638633439396234356337313231323639
64386463336434353832633638376632303239653238623730653735323734323165353162326338
66343636303063316336376665633433353233613333623533303461303266626437313962613839
64343237633339373062623630376361636630373231336634333035353739323038636430356135
36383932306532613865613532353364626464303434316630633864643430366337366465633536
61613565656137653035636164336137303932376531656565376633616134316564303136353965
313139333730386466346630333139653166
