$ANSIBLE_VAULT;1.1;AES256
33303031346163623339393064613764333265343031343138663034663636626635313131653338
6637653466383332353463386265616132633564666234370a306435373032633334613262396632
38623534303139653864633665666539346363623863626534643639363933363361383539633364
3938346566613830630a313131343131633639366262393839346464633433336264356366383933
32353938386635653936666234313461346235393662613132323263396534353034333865386339
34313338643961386364656661303162363933353737303936313638653634376565643837386135
30333137396535333762623034623539356330343564656135376161373734393964393534336132
35336136303565613138373439653335376634356536333837373630616364343833373866653831
32633464396537646438396466393239643634653539313533313866633164363561343533346566
30613330323835663636343266363765373336653138356636636666616132323636636632306132
353861366533666465393234653135323763
