$ANSIBLE_VAULT;1.1;AES256
33323137623962343532643762346136326135356565326137316138616534343066643261663933
3037373333356132323831346365623231633335663964360a613665353266383532353261383464
37666638333739323536333538383063393230663536313266323163633264386565666130643534
3539326230373731320a616530663365303439623231656335336637633839623834623839656132
39333962653965376433306331346661626563303736666230663433303761613136333137623639
66396533326263646232386533316631356635383338353535646361323338626337393863373732
37353535643239393337656636653237336435313561346532366435356234343736646330633732
65323235353430643639383832323262386337383762393466376562366563663136633231613633
63333735373263393932656635636239346536303236313432666339643630353530333465336132
31613933373535616430383266346333376564323564373563646266643131653833313139353636
32376432663733623233613138353131633563626165326363346665633063323631346465613064
37326333313762366162643731616130376162663462613264333636383039326631366432333165
6265
