$ANSIBLE_VAULT;1.1;AES256
62373664363666663937346564356439613362643966363066663137623465663664346631393264
3162393630313038353433306631383735643339336131640a633933326265353063666436663463
38623961303733653134623838613365353239393330363037343866333863663733306530336238
3866343665393936310a323239326239613466346664326364316231663933656264323236323839
31633534663261613834373538376235616161356466376432623838323763653036386530383539
61373232363338376533333361373535383834386361663961386237353935663764346134373466
36613334616461366433323631363832643534653364626331313065386331313365306633383833
66653235616637666666636561393264386361383764303062353034656262633835333932383038
35663437373832663934356132653032306164343130626465663232343035363363366633643530
38386138336461383531303761303463323561336561646164663963333538363733656433373064
61666436303831346633346337653332363465636633323530373439363735663934303761316532
35336435663566316662643962366332636538373036373834633563643936363038386365303862
3932
