$ANSIBLE_VAULT;1.1;AES256
31366530363539653964663338393733303965626235353164623737666131653931623863323031
3465313731343236396165366331353532633231393239390a623639326636646339616265393561
33623030623266343834623866616466663963396463343838633933663930663064343265346564
3062643538383730640a623035336133366163356635333634396534386232646433666339366263
38303737383839393939656161383431333933613731383836376638396364623138653235666131
35356635646266653037303138653237383331623433376433643138646434643635633731646637
35353065626436343064313736343362316165383434646534643665383736653936356234616237
64303337626635633832616537363065316563353836663764663966356135633163303532383861
63613238313863653830663739666638613633373531316639333863646562663561383165313164
64643930333039366638343138393531353733386539306434343830653465386562653363366562
66363936636561656237646363656162306332666331363636333133643631373337643765653436
30646232303132343066363063613465356332373936643832663534333165356635646231316566
35613766663466343264663962373530333030363731656666313865313764623763313335653334
36613964373163356164393964613265623135373061616535343035316666386535323434393663
35316537353530353864323365626461356630663665326561623736346363326463636237303439
61623737356137636365613636616536306664313863666630393931326632616663316333333764
34356136666565623930393230656136363061636636353432343330383637313466366366613832
65343031306537613539346231646639313161303538343461666535366534663136356637643739
34386362613235373566353633383763663261396536626330323965313038376137393638376137
36313430663536323437303063633934323033326331323034666539316232383135633637366530
37303532363631393336633266396362383435393237376438313130353737663738
