$ANSIBLE_VAULT;1.1;AES256
36653138373535376165326661663539386638313031373530343733356436666330323730363137
3162623064376663356132333830353665653565326565310a303765636434306463666633623365
65383238373965653637346264616262353561346237343639376534303130636533353637653132
3431313431333464340a326437313863303461353465663438316666393766303436393932656439
31343365623831303664373562383838623239343961353333383832326363333037373864313039
62613430633939353966333964393436643830643262336134343266353663643238623834373437
64623161333534353565306563653932306634333839346231366466623131303530393830313330
34326164363336623939623565373233616434313563613337653739333434663730353333613531
36333932386232613536326439623361353036323564313639616634393130613932336366663838
35316532666633353462663934303663313138353061643237333230653037303563303231303961
35346534383064303335353135313339626636363533646164313930656432363964636435383533
36323037323632656563303337326331376162333161666162393563333431373865653165336635
62353736643835323264623638616662336266636664373462623835613262633131343965336238
62653937376637623837326161386633313336373039343135383263366434323031383465623066
37643733666634613238326530306634333732373231393663333437613833636462626138636464
34656465323765663166316563326430316265306663336237323663316233306362643866386336
62646663633634623838346663323033366232363261396663343162383263376262656664373061
64393337306136353533383265333965316136653130376232306130373037373230643736343731
35376637316466613634383531376630653330323663303664363531383065376238323864336330
33343862656338353461663963363539363231353737656134373664306631633636336230626133
3439
