$ANSIBLE_VAULT;1.1;AES256
64363633363430343366333437323665393438643133393832373738323639653066653565336262
3338623362616461356362643036306636623865306536330a323535363830336131373966346634
32316230316466323734306434623031616638313133653433386266383834653038623562633066
6461316538656433660a633236363162353062306364663063623030333436346332643632636262
33396333653138303433383663316238663163306165623931663566326231633464326137343263
38656261613934616364633034363934306363633131323039623230393763356537313030626264
32323531313738633536663665643838393363653934383730323637633139343434666233663833
62656632623165653063313761336165356565363735313833623132613365653363326239393562
65346439343162643436386438313835633865393731363834626535333962353135656536366336
64333064646234626636623134616635366238363339363932666235333664346635336266373937
35656465653062653635336162653333363038663266363966663263316565656337323965356330
31383130663931613137616561326661323665323562356132313633633530363636356434303364
6630
