$ANSIBLE_VAULT;1.1;AES256
63663666336639303062653137653231306535303635663364393033346235613535626235663634
6238363162663262363435656436303230666361363063330a373939353331336135333135313236
63373738326633366639613362636431383931653131373062373337363538333439373235323534
6330633532613164380a616531643163383739343166353235366334316236643662666237373837
32643763336637333566653933376133396362373161323039626333356566306438663337623665
66633964613831376133366364623363623332303533656266643432353032316238343965626237
31393235393731346536383335393534653330303230313162373164616564343235366534393061
66393166353934663332643430383765663565636430623933366634333664393939643962623261
65633230613335313632316365653431333333386566633564376366633032353737386330636334
62663633633331666239366166376434333466646138393563666638383533633333356630393237
31643363383463346363323036326137626465396466323434303331623033666266383334653234
38653864646134356562336266646237646361626234393032653065653031383134376636383135
61356363646537643138373863343939636134386136326665633466356330313861
