$ANSIBLE_VAULT;1.1;AES256
31353137353432323136626631396239373533626463336133316133393438306464393237303337
3230306434333733333734646162333066363965373532630a626232636663356536313337353662
38396432313661666234376238646663373665623962646131656130353863313330666534383836
6563663463653962350a653531353839363936663631303338353733306131346637656164646539
36613033626639353764303034333665396165646666323438393661313065383530663565643964
31633336363135643637353761333937366536326532393666613665653939363537353233316536
35613538613064616365356363623231613131323535343732663634653066623937323336373035
64323061303232336536646165323762323466663363616365313337343930376661346532663861
39333531396361646436643738383334326162396637383363366533653131363430366133663861
63343435333962653234646434353863353465316638656564613666613462396433343835303037
36306566316465656461336239313730663163646536373035633238666634663032613964396233
35356235333138333735
