$ANSIBLE_VAULT;1.1;AES256
31656638666464616238393164313739386137323737616464653632646237613863653637333661
6232326139633165316433343135393036393163306537380a663338306535336561393866343931
38363036343363663362383365396233653964646266393232393864326430323938623766613830
3338643166393664310a373136633738346666616339393164326262626335663639346238303062
30616165336437646539626438643136653563663733336230663432646137643730633534303062
36353838343166363035313034326434653739366437663132353632643963386462353465326265
36316332626537376361623863323933636334656266376336343536613164376336373534636432
64323664373834613965663663616533363537303165373035653139363462396531376235356237
31336339343035333238363834633433363964663238643736336561663030346662666332616562
65383966313431663936633533396138633838326530373761646361643632336565666634653132
626131636335323630613663373638396362
